lastAccountName: iLoki
timestamps:
  login: 1572805489676
  logout: 1572805537086
ipAddress: 78.21.115.224
lastlocation:
  world: Spawn
  x: -252.2591172174246
  y: 4.0
  z: 225.9040899875434
  yaw: -0.14999999
  pitch: 1.0500001
afk: false
logoutlocation:
  world: Spawn
  x: -231.7792203531505
  y: 4.0
  z: 222.84713768662013
  yaw: 0.6000001
  pitch: 11.399998
