lastAccountName: iLoki
timestamps:
  login: 1573674582689
  logout: 1573673617741
  lastteleport: 1573685331370
ipAddress: 78.21.195.91
lastlocation:
  world: spawn
  x: 1.5
  y: 72.0
  z: 0.5
  yaw: 0.0
  pitch: 0.0
afk: false
logoutlocation:
  world: spawn
  x: 0.5
  y: 72.0
  z: -0.5
  yaw: -178.8006
  pitch: -7.800003
money: '37750.0'
homes:
  home:
    world: spawn
    x: 0.5
    y: 72.0
    z: -0.5
    yaw: -178.8006
    pitch: -7.800003
socialspy: false
