afk: false
homes:
  iloki:
    world: Survival
    x: 99.20019512758407
    y: 82.17019240699908
    z: -62.78952966807853
    yaw: 256.3484
    pitch: 16.349766
  home:
    world: Survival
    x: 109.50345026065264
    y: 81.0
    z: -197.3985289426928
    yaw: -159.29628
    pitch: 8.100441
timestamps:
  lastteleport: 1574124365644
  login: 1574370176542
  logout: 1574369968030
lastlocation:
  world: Spawn
  x: 0.4397634513852362
  y: 72.0
  z: 50.00928968843451
  yaw: -183.60086
  pitch: 2.2499502
lastAccountName: iLoki
ipAddress: 78.21.195.91
nickname: Unknown
logoutlocation:
  world: Spawn
  x: 0.527084904685404
  y: 69.0
  z: 10.725227155885747
  yaw: -173.85088
  pitch: 3.1500962
