afk: false
homes:
  iloki:
    world: Survival
    x: 99.20019512758407
    y: 82.17019240699908
    z: -62.78952966807853
    yaw: 256.3484
    pitch: 16.349766
timestamps:
  lastteleport: 1574016360690
lastlocation:
  world: spawn
  x: 0.519879242445245
  y: 72.0
  z: -0.37144185352232695
  yaw: -179.84917
  pitch: -1.4998593
