spawns: 
  default: 
    world: spawn
    x: 0.5326274430449598
    y: 72.0
    z: 0.5876498058711843
    yaw: -0.30012622
    pitch: 5.250008
