spawns: 
  default: 
    world: spawn
    x: 0.355047622327432
    y: 72.0
    z: -0.016058032336543626
    yaw: -178.8006
    pitch: -7.800003
