world: Spawn
x: 0.5414409095019618
y: 70.0
z: -61.56109105986213
yaw: -179.69781
pitch: 22.650095
name: hungergames
lastowner: 99a80b73-34c0-48b7-8cd9-ed68b1a998e0
