world: Spawn
x: -85.82892876554808
y: 70.0
z: 0.5161349892249301
yaw: -268.9292
pitch: -3.449518
name: kingdoms
lastowner: 99a80b73-34c0-48b7-8cd9-ed68b1a998e0
