world: Spawn
x: -29.48132273474426
y: 70.0
z: -58.92473740095215
yaw: -179.24261
pitch: -5.09984
name: pvp
lastowner: 99a80b73-34c0-48b7-8cd9-ed68b1a998e0
