world: SW_Hub
x: 132.77080315957755
y: 18.0
z: 29.59190354935591
yaw: -90.6026
pitch: 0.7500973
name: Skywars
lastowner: 99a80b73-34c0-48b7-8cd9-ed68b1a998e0
