world: Spawn
x: 28.62815598651209
y: 70.0
z: -59.309816411312504
yaw: -179.69995
pitch: 3.450045
name: survival
lastowner: 99a80b73-34c0-48b7-8cd9-ed68b1a998e0
