arenas:
  Red-Fantasy:
    bound:
      world: Red-Fantasy
      x: 316
      y: 154
      z: 181
      x2: -52
      y2: 0
      z2: -167
    info:
      cost: 0
      timer: 3600
      min-players: 4
      max-players: 8
    commands:
    - none
    spawns:
    - SW_Hub:146:16:43:-224.31683:0.89959776
    - SW_Hub:132:16:48:-178.41667:3.149653
    - SW_Hub:118:16:43:-133.41695:3.7495985
    - SW_Hub:114:16:29:-89.76646:3.1496625
    - SW_Hub:118:16:15:-44.616142:0.44977728
    - SW_Hub:132:16:10:0.0839946:1.6497432
    - SW_Hub:146:16:15:44.03439:0.2997172
    - SW_Hub:150:16:29:90.68462:-1.2001649
    - Red-Fantasy:132:16:10:-358.4984:15.900078
    - Red-Fantasy:146:16:15:-314.55347:46.95009
    - Red-Fantasy:150:16:29:-270.00256:51.300266
    - Red-Fantasy:146:16:43:-222.4585:48.900383
    - Red-Fantasy:132:16:48:-176.40332:38.40027
    - Red-Fantasy:118:16:43:-136.80103:66.45055
    - Red-Fantasy:114:16:29:-91.198:56.70064
    - Red-Fantasy:118:16:15:-44.695312:14.70079
    lobbysign: spawn:-1:74:-70
